11	7	12	13	18	22	20	8	14	4	9	5	6	3	2	32	

34	33	30	

1	

23	15	16	19	21	31	24	27	10	29	28	26	25	

17



13	8	14	20	18	22	12	4	9	3	2	5	6	11	7	32	

29	10	28	15	16	19	21	23	30	31	24	27	33	34	26	25	

17            1



17	5	6	7	11	12	13	18	22	20	8	14	4	9	3	

24	15	16	19	21	23	30	31	32	27	10	29	28	33	34	26	25	

2	1	



25	24	32	15	16	19	21	23	30	31	9	10	27	29	20	14	28	8	33	3	4	

​18	22	12	13	5	6	11	7	17	

​2	1	

​34	26



​20	18	22	8	14	13	12	4	9	3	2	5	6	11	7	32	

​17	

​29	10	28	15	16	19	21	23	30	31	24	27	33	34	26	25
	
1